 1955  -2.871000      -2.871000      -2.871000     -0.1130000     -0.1130000     -0.1130000      -1.814000      -1.814000      -1.814000      -8.007000      -8.007000      -8.007000    
 1956  -2.415000      -2.415000      -2.415000      -4.436000      -4.436000      -4.436000      -2.657000      -2.657000      -2.657000     -0.9260000     -0.9260000     -0.9260000    
 1957  -4.127000      -4.127000      -4.127000      -5.581000      -5.581000      -5.581000      -3.829000      -3.829000      -3.829000      -4.916000      -4.916000      -4.916000    
 1958 -0.8550000     -0.8550000     -0.8550000      -1.358000      -1.358000      -1.358000     -0.4070000     -0.4070000     -0.4070000      -3.511000      -3.511000      -3.511000    
 1959  -4.332000      -4.332000      -4.332000     -0.1260000     -0.1260000     -0.1260000      -2.352000      -2.352000      -2.352000      -1.948000      -1.948000      -1.948000    
 1960  -2.228000      -2.228000      -2.228000      -1.150000      -1.150000      -1.150000     -0.1560000     -0.1560000     -0.1560000      -2.234000      -2.234000      -2.234000    
 1961  -2.596000      -2.596000      -2.596000      -2.192000      -2.192000      -2.192000     -0.9040000     -0.9040000     -0.9040000      -2.767000      -2.767000      -2.767000    
 1962  -1.935000      -1.935000      -1.935000      -3.029000      -3.029000      -3.029000       1.395000       1.395000       1.395000     -0.7330000     -0.7330000     -0.7330000    
 1963  -2.489000      -2.489000      -2.489000      -1.975000      -1.975000      -1.975000      -3.881000      -3.881000      -3.881000     -0.7420000     -0.7420000     -0.7420000    
 1964  -2.540000      -2.540000      -2.540000     -0.9990000     -0.9990000     -0.9990000      -3.550000      -3.550000      -3.550000      -5.396000      -5.396000      -5.396000    
 1965  -3.408000      -3.408000      -3.408000      -3.651000      -3.651000      -3.651000      -2.260000      -2.260000      -2.260000      -2.920000      -2.920000      -2.920000    
 1966  -4.450000      -4.450000      -4.450000      -3.879000      -3.879000      -3.879000      -2.690000      -2.690000      -2.690000      -4.756000      -4.756000      -4.756000    
 1967  -4.571000      -4.571000      -4.571000      -3.259000      -3.259000      -3.259000      -4.821000      -4.821000      -4.821000      -4.795000      -4.795000      -4.795000    
 1968  -7.423000      -7.423000      -7.423000      -4.560000      -4.560000      -4.560000      -3.969000      -3.969000      -3.969000      -6.958000      -6.958000      -6.958000    
 1969  -3.021000      -3.021000      -3.021000      -4.898000      -4.898000      -4.898000      -4.474000      -4.474000      -4.474000      -5.532000      -5.532000      -5.532000    
 1970  -7.441000      -7.441000      -7.441000      -5.943000      -5.943000      -5.943000      -3.995000      -3.995000      -3.995000      -3.814000      -3.814000      -3.814000    
 1971  -4.959000      -4.959000      -4.959000      -3.910000      -3.910000      -3.910000      -3.727000      -3.727000      -3.727000      -2.473000      -2.473000      -2.473000    
 1972  -4.092000      -4.092000      -4.092000      -2.546000      -2.546000      -2.546000      -7.319000      -7.319000      -7.319000      -6.998000      -6.998000      -6.998000    
 1973  -6.993000      -6.993000      -6.993000      -3.276000      -3.276000      -3.276000      -1.012000      -1.012000      -1.012000      -2.796000      -2.796000      -2.796000    
 1974  -4.533000      -4.533000      -4.533000      -3.248000      -3.248000      -3.248000      -2.194000      -2.194000      -2.194000      -1.126000      -1.126000      -1.126000    
 1975  -2.143000      -2.143000      -2.143000      -2.137000      -2.137000      -2.137000      -1.748000      -1.748000      -1.748000     -0.1780000     -0.1780000     -0.1780000    
 1976  -2.744000      -2.744000      -2.744000     -0.8430000     -0.8430000     -0.8430000      -3.663000      -3.663000      -3.663000      -3.163000      -3.163000      -3.163000    
 1977  0.7540000      0.7540000      0.7540000       1.487000       1.487000       1.487000     -0.2970000     -0.2970000     -0.2970000      -1.816000      -1.816000      -1.816000    
 1978  0.6590000      0.6590000      0.6590000      0.1870000      0.1870000      0.1870000      -1.209000      -1.209000      -1.209000      0.5700000      0.5700000      0.5700000    
 1979  0.2450000      0.2450000      0.2450000      -1.640000      -1.640000      -1.640000      -1.910000      -1.910000      -1.910000     -0.5330000     -0.5330000     -0.5330000    
 1980   1.622000       1.622000       1.622000       1.814000       1.814000       1.814000     -0.5900000E-01 -0.5900000E-01 -0.5900000E-01  0.9860000      0.9860000      0.9860000    
 1981  0.4660000      0.4660000      0.4660000      0.5330000      0.5330000      0.5330000      -1.490000      -1.490000      -1.490000      0.9800000      0.9800000      0.9800000    
 1982  -1.497000      -1.497000      -1.497000      -1.676000      -1.676000      -1.676000      -5.024000      -5.024000      -5.024000      -1.026000      -1.026000      -1.026000    
 1983  -3.626000      -3.626000      -3.626000       2.378000       2.378000       2.378000      -6.587000      -6.587000      -6.587000      -3.217000      -3.217000      -3.217000    
 1984   2.502000       2.502000       2.502000      -2.456000      -2.456000      -2.456000      -2.657000      -2.657000      -2.657000      0.7730000      0.7730000      0.7730000    
 1985   1.784000       1.784000       1.784000       1.809000       1.809000       1.809000      0.2490000      0.2490000      0.2490000      -3.404000      -3.404000      -3.404000    
 1986 -0.8330000     -0.8330000     -0.8330000       1.703000       1.703000       1.703000      -1.313000      -1.313000      -1.313000      -3.707000      -3.707000      -3.707000    
 1987 -0.2080000     -0.2080000     -0.2080000      -1.372000      -1.372000      -1.372000      -2.150000      -2.150000      -2.150000      0.1580000      0.1580000      0.1580000    
 1988  0.5840000      0.5840000      0.5840000      0.3170000      0.3170000      0.3170000       1.239000       1.239000       1.239000       2.213000       2.213000       2.213000    
 1989   1.054000       1.054000       1.054000       2.184000       2.184000       2.184000      0.7220000      0.7220000      0.7220000     -0.3480000     -0.3480000     -0.3480000    
 1990   1.214000       1.214000       1.214000      -1.216000      -1.216000      -1.216000      -1.483000      -1.483000      -1.483000       2.194000       2.194000       2.194000    
 1991   2.197000       2.197000       2.197000       3.209000       3.209000       3.209000       2.129000       2.129000       2.129000       3.048000       3.048000       3.048000    
 1992  0.9850000      0.9850000      0.9850000       1.039000       1.039000       1.039000      0.7470000      0.7470000      0.7470000     -0.4850000     -0.4850000     -0.4850000    
 1993   1.901000       1.901000       1.901000      0.1500000E-01  0.1500000E-01  0.1500000E-01  0.7200000E-01  0.7200000E-01  0.7200000E-01  0.7470000      0.7470000      0.7470000    
 1994   1.722000       1.722000       1.722000     -0.6400000     -0.6400000     -0.6400000       2.213000       2.213000       2.213000       2.744000       2.744000       2.744000    
 1995   3.309000       3.309000       3.309000       2.082000       2.082000       2.082000      0.5000000      0.5000000      0.5000000       3.165000       3.165000       3.165000    
 1996   4.493000       4.493000       4.493000       7.237000       7.237000       7.237000       2.027000       2.027000       2.027000       4.419000       4.419000       4.419000    
 1997   4.525000       4.525000       4.525000       3.687000       3.687000       3.687000       2.091000       2.091000       2.091000       2.677000       2.677000       2.677000    
 1998   3.046000       3.046000       3.046000       5.323000       5.323000       5.323000       3.689000       3.689000       3.689000       5.156000       5.156000       5.156000    
 1999   5.389000       5.389000       5.389000       5.638000       5.638000       5.638000       6.150000       6.150000       6.150000       6.595000       6.595000       6.595000    
 2000   4.724000       4.724000       4.724000       6.468000       6.468000       6.468000       7.166000       7.166000       7.166000       5.068000       5.068000       5.068000    
 2001   3.077000       3.077000       3.077000       2.731000       2.731000       2.731000       3.212000       3.212000       3.212000       7.448000       7.448000       7.448000    
 2002   5.505000       5.505000       5.505000       7.580000       7.580000       7.580000       7.701000       7.701000       7.701000       6.369000       6.369000       6.369000    
 2003   8.746000       8.746000       8.746000       9.989000       9.989000       9.989000       9.417000       9.417000       9.417000       11.65500       11.65500       11.65500    
 2004   11.02200       11.02200       11.02200       9.883000       9.883000       9.883000       9.770000       9.770000       9.770000       10.28700       10.28700       10.28700    
 2005   8.053000       8.053000       8.053000       8.463000       8.463000       8.463000       7.850000       7.850000       7.850000       9.281000       9.281000       9.281000    
 2006   10.34400       10.34400       10.34400       9.907000       9.907000       9.907000       10.79800       10.79800       10.79800       10.67200       10.67200       10.67200    
 2007   9.897000       9.897000       9.897000       8.812000       8.812000       8.812000       9.612000       9.612000       9.612000       9.593000       9.593000       9.593000    
 2008   10.78700       10.78700       10.78700       10.33700       10.33700       10.33700       10.39200       10.39200       10.39200       8.693000       8.693000       8.693000    
 2009   10.17700       10.17700       10.17700       9.101000       9.101000       9.101000       10.60300       10.60300       10.60300       10.62300       10.62300       10.62300    
 2010   11.19800       11.19800       11.19800       9.614000       9.614000       9.614000       9.911000       9.911000       9.911000       10.74600       10.74600       10.74600    
 2011   10.72900       10.72900       10.72900       10.04200       10.04200       10.04200       12.12700       12.12700       12.12700       10.57800       10.57800       10.57800    
 2012   11.74700       11.74700       11.74700       10.09900       10.09900       10.09900       10.64200       10.64200       10.64200       11.27500       11.27500       11.27500    
 2013   13.53400       13.53400       13.53400       12.04900       12.04900       12.04900       11.16500       11.16500       11.16500       13.65500       13.65500       13.65500    
% 2014   14.24300       14.24300       14.24300       13.16500       13.16500       13.16500       11.98800       11.98800       11.98800       13.64700       13.64700       13.64700    
